wvwe 195462 0.282496467957877 6919.104991394149 1589490295917
sdgfw 987467 0.8465413613497978 11664.726426076833 1589491043354
sdfewf 205554 0.3850126544845953 5338.886785308595 1589492532148
sdfghjk 57537 0.0941156282641209 6113.483831604637 1589492616944
erty 562692 0.4711565040348775 11942.78903456496 1589492935875
wq23f 159605 0.22839013347094683 6988.265971316819 1589493074096
wre52vvv 85717 0.0775042522449727 11059.602649006622 1589493233431
sdf 406167 0.5897936989853501 6886.597938144329 1589493354963
wesfdgf 922658 0.7797833503951028 11832.229580573952 1589494385076
sdf 77712 0.6650941323764593 1168.4348205202732 1589494438536
sdf 282855 0.1969958151040666 14358.452138492874 1589495335387
fvsadf  626810 0.4196512811153442 14936.440677966104 1589495860547
sdfsdfsdfsdf 904516 0.7654982850492296 11816.037735849057 1589496187494
serwqq 1660243 0.8290888112154992 20024.906600249065 1589496406061
dsc3gv3 179371 0.11449182488969545 15666.666666666666 1589496870149
xzcvvzzv 1089876 0.6299638007343941 17300.613496932518 1589496986106
sdfsdf 1358776 0.7506998217515743 18100.128369704747 1589497237594
scwccc 1397986 0.7876714969003475 17748.344370860927 1589500319429
dsdac 179867 0.10804751110800548 16646.989374262103 1589500688739
23ff2 493155 0.3258167262952497 15135.95166163142 1589500890064
sdcwe 1053616 0.9064037670688726 11624.129930394432 1589501003856
sfevw 226658 0.6148516347640747 3686.382393397524 1589501599266
afife9 206783 0.7156236071410651 4037.8006872852234 1589501705513
